solid OpenSCAD_Model
  facet normal 1 -0 0
    outer loop
      vertex 10 -10 15
      vertex 10 10 10
      vertex 10 10 15
    endloop
  endfacet
  facet normal 1 0 0
    outer loop
      vertex 10 10 10
      vertex 10 -10 15
      vertex 10 -10 10
    endloop
  endfacet
  facet normal 0 0 1
    outer loop
      vertex 10 10 15
      vertex 5 0 15
      vertex 10 -10 15
    endloop
  endfacet
  facet normal 0 0 1
    outer loop
      vertex 10 10 15
      vertex 4.6194 1.91342 15
      vertex 5 0 15
    endloop
  endfacet
  facet normal 0 0 1
    outer loop
      vertex 10 10 15
      vertex 3.53553 3.53553 15
      vertex 4.6194 1.91342 15
    endloop
  endfacet
  facet normal 0 0 1
    outer loop
      vertex 10 10 15
      vertex 1.91342 4.6194 15
      vertex 3.53553 3.53553 15
    endloop
  endfacet
  facet normal 0 0 1
    outer loop
      vertex 10 10 15
      vertex 0 5 15
      vertex 1.91342 4.6194 15
    endloop
  endfacet
  facet normal -0 0 1
    outer loop
      vertex -10 10 15
      vertex 0 5 15
      vertex 10 10 15
    endloop
  endfacet
  facet normal 0 0 1
    outer loop
      vertex -4.6194 1.91342 15
      vertex -10 10 15
      vertex -5 0 15
    endloop
  endfacet
  facet normal 0 0 1
    outer loop
      vertex -3.53553 3.53553 15
      vertex -10 10 15
      vertex -4.6194 1.91342 15
    endloop
  endfacet
  facet normal 0 0 1
    outer loop
      vertex -1.91342 4.6194 15
      vertex -10 10 15
      vertex -3.53553 3.53553 15
    endloop
  endfacet
  facet normal 0 0 1
    outer loop
      vertex 0 5 15
      vertex -10 10 15
      vertex -1.91342 4.6194 15
    endloop
  endfacet
  facet normal -0 0 1
    outer loop
      vertex 4.6194 -1.91342 15
      vertex 10 -10 15
      vertex 5 0 15
    endloop
  endfacet
  facet normal -0 0 1
    outer loop
      vertex 3.53553 -3.53553 15
      vertex 10 -10 15
      vertex 4.6194 -1.91342 15
    endloop
  endfacet
  facet normal -0 0 1
    outer loop
      vertex 1.91342 -4.6194 15
      vertex 10 -10 15
      vertex 3.53553 -3.53553 15
    endloop
  endfacet
  facet normal -0 0 1
    outer loop
      vertex 0 -5 15
      vertex 10 -10 15
      vertex 1.91342 -4.6194 15
    endloop
  endfacet
  facet normal 0 0 1
    outer loop
      vertex -10 -10 15
      vertex 0 -5 15
      vertex -1.91342 -4.6194 15
    endloop
  endfacet
  facet normal 0 0 1
    outer loop
      vertex -10 -10 15
      vertex -5 0 15
      vertex -10 10 15
    endloop
  endfacet
  facet normal 0 0 1
    outer loop
      vertex 0 -5 15
      vertex -10 -10 15
      vertex 10 -10 15
    endloop
  endfacet
  facet normal 0 0 1
    outer loop
      vertex -3.53553 -3.53553 15
      vertex -10 -10 15
      vertex -1.91342 -4.6194 15
    endloop
  endfacet
  facet normal 0 0 1
    outer loop
      vertex -4.6194 -1.91342 15
      vertex -10 -10 15
      vertex -3.53553 -3.53553 15
    endloop
  endfacet
  facet normal 0 0 1
    outer loop
      vertex -5 0 15
      vertex -10 -10 15
      vertex -4.6194 -1.91342 15
    endloop
  endfacet
  facet normal 0 0 -1
    outer loop
      vertex -10 -10 10
      vertex 10 10 10
      vertex 10 -10 10
    endloop
  endfacet
  facet normal -0 0 -1
    outer loop
      vertex 10 10 10
      vertex -10 -10 10
      vertex -10 10 10
    endloop
  endfacet
  facet normal -1 0 0
    outer loop
      vertex -10 -10 10
      vertex -10 10 15
      vertex -10 10 10
    endloop
  endfacet
  facet normal -1 -0 0
    outer loop
      vertex -10 10 15
      vertex -10 -10 10
      vertex -10 -10 15
    endloop
  endfacet
  facet normal 0 1 -0
    outer loop
      vertex 10 10 10
      vertex -10 10 15
      vertex 10 10 15
    endloop
  endfacet
  facet normal 0 1 0
    outer loop
      vertex -10 10 15
      vertex 10 10 10
      vertex -10 10 10
    endloop
  endfacet
  facet normal 0 -1 0
    outer loop
      vertex -10 -10 10
      vertex 10 -10 15
      vertex -10 -10 15
    endloop
  endfacet
  facet normal 0 -1 -0
    outer loop
      vertex 10 -10 15
      vertex -10 -10 10
      vertex 10 -10 10
    endloop
  endfacet
  facet normal 0.555574 -0.831467 0
    outer loop
      vertex -3.53553 3.53553 12
      vertex -1.91342 4.6194 15
      vertex -3.53553 3.53553 15
    endloop
  endfacet
  facet normal 0.555574 -0.831467 0
    outer loop
      vertex -1.91342 4.6194 15
      vertex -3.53553 3.53553 12
      vertex -1.91342 4.6194 12
    endloop
  endfacet
  facet normal -0.831467 -0.555574 0
    outer loop
      vertex 4.6194 1.91342 12
      vertex 3.53553 3.53553 15
      vertex 3.53553 3.53553 12
    endloop
  endfacet
  facet normal -0.831467 -0.555574 0
    outer loop
      vertex 3.53553 3.53553 15
      vertex 4.6194 1.91342 12
      vertex 4.6194 1.91342 15
    endloop
  endfacet
  facet normal -0.980786 -0.195089 0
    outer loop
      vertex 5 0 12
      vertex 4.6194 1.91342 15
      vertex 4.6194 1.91342 12
    endloop
  endfacet
  facet normal -0.980786 -0.195089 0
    outer loop
      vertex 4.6194 1.91342 15
      vertex 5 0 12
      vertex 5 0 15
    endloop
  endfacet
  facet normal 0.831467 -0.555574 0
    outer loop
      vertex -4.6194 1.91342 15
      vertex -3.53553 3.53553 12
      vertex -3.53553 3.53553 15
    endloop
  endfacet
  facet normal 0.831467 -0.555574 0
    outer loop
      vertex -3.53553 3.53553 12
      vertex -4.6194 1.91342 15
      vertex -4.6194 1.91342 12
    endloop
  endfacet
  facet normal 0.195089 0.980786 -0
    outer loop
      vertex 0 -5 12
      vertex -1.91342 -4.6194 15
      vertex 0 -5 15
    endloop
  endfacet
  facet normal 0.195089 0.980786 0
    outer loop
      vertex -1.91342 -4.6194 15
      vertex 0 -5 12
      vertex -1.91342 -4.6194 12
    endloop
  endfacet
  facet normal -0.195089 0.980786 0
    outer loop
      vertex 1.91342 -4.6194 12
      vertex 0 -5 15
      vertex 1.91342 -4.6194 15
    endloop
  endfacet
  facet normal -0.195089 0.980786 0
    outer loop
      vertex 0 -5 15
      vertex 1.91342 -4.6194 12
      vertex 0 -5 12
    endloop
  endfacet
  facet normal -0.555574 0.831467 0
    outer loop
      vertex 3.53553 -3.53553 12
      vertex 1.91342 -4.6194 15
      vertex 3.53553 -3.53553 15
    endloop
  endfacet
  facet normal -0.555574 0.831467 0
    outer loop
      vertex 1.91342 -4.6194 15
      vertex 3.53553 -3.53553 12
      vertex 1.91342 -4.6194 12
    endloop
  endfacet
  facet normal -0.831467 0.555574 0
    outer loop
      vertex 3.53553 -3.53553 12
      vertex 4.6194 -1.91342 15
      vertex 4.6194 -1.91342 12
    endloop
  endfacet
  facet normal -0.831467 0.555574 0
    outer loop
      vertex 4.6194 -1.91342 15
      vertex 3.53553 -3.53553 12
      vertex 3.53553 -3.53553 15
    endloop
  endfacet
  facet normal 0.980786 -0.195089 0
    outer loop
      vertex -5 0 15
      vertex -4.6194 1.91342 12
      vertex -4.6194 1.91342 15
    endloop
  endfacet
  facet normal 0.980786 -0.195089 0
    outer loop
      vertex -4.6194 1.91342 12
      vertex -5 0 15
      vertex -5 0 12
    endloop
  endfacet
  facet normal -0.980786 0.195089 0
    outer loop
      vertex 4.6194 -1.91342 12
      vertex 5 0 15
      vertex 5 0 12
    endloop
  endfacet
  facet normal -0.980786 0.195089 0
    outer loop
      vertex 5 0 15
      vertex 4.6194 -1.91342 12
      vertex 4.6194 -1.91342 15
    endloop
  endfacet
  facet normal 0 0 1
    outer loop
      vertex 4.6194 1.91342 12
      vertex 4.6194 -1.91342 12
      vertex 5 0 12
    endloop
  endfacet
  facet normal 0 0 1
    outer loop
      vertex 3.53553 3.53553 12
      vertex 4.6194 -1.91342 12
      vertex 4.6194 1.91342 12
    endloop
  endfacet
  facet normal 0 0 1
    outer loop
      vertex 3.53553 3.53553 12
      vertex 3.53553 -3.53553 12
      vertex 4.6194 -1.91342 12
    endloop
  endfacet
  facet normal 0 0 1
    outer loop
      vertex 1.91342 4.6194 12
      vertex 3.53553 -3.53553 12
      vertex 3.53553 3.53553 12
    endloop
  endfacet
  facet normal 0 0 1
    outer loop
      vertex 1.91342 4.6194 12
      vertex 1.91342 -4.6194 12
      vertex 3.53553 -3.53553 12
    endloop
  endfacet
  facet normal 0 0 1
    outer loop
      vertex 0 5 12
      vertex 1.91342 -4.6194 12
      vertex 1.91342 4.6194 12
    endloop
  endfacet
  facet normal 0 0 1
    outer loop
      vertex 0 5 12
      vertex 0 -5 12
      vertex 1.91342 -4.6194 12
    endloop
  endfacet
  facet normal -0 0 1
    outer loop
      vertex -1.91342 4.6194 12
      vertex 0 -5 12
      vertex 0 5 12
    endloop
  endfacet
  facet normal 0 0 1
    outer loop
      vertex -1.91342 4.6194 12
      vertex -1.91342 -4.6194 12
      vertex 0 -5 12
    endloop
  endfacet
  facet normal -0 0 1
    outer loop
      vertex -3.53553 3.53553 12
      vertex -1.91342 -4.6194 12
      vertex -1.91342 4.6194 12
    endloop
  endfacet
  facet normal 0 0 1
    outer loop
      vertex -3.53553 3.53553 12
      vertex -3.53553 -3.53553 12
      vertex -1.91342 -4.6194 12
    endloop
  endfacet
  facet normal -0 0 1
    outer loop
      vertex -4.6194 1.91342 12
      vertex -3.53553 -3.53553 12
      vertex -3.53553 3.53553 12
    endloop
  endfacet
  facet normal 0 0 1
    outer loop
      vertex -4.6194 1.91342 12
      vertex -4.6194 -1.91342 12
      vertex -3.53553 -3.53553 12
    endloop
  endfacet
  facet normal 0 -0 1
    outer loop
      vertex -4.6194 -1.91342 12
      vertex -4.6194 1.91342 12
      vertex -5 0 12
    endloop
  endfacet
  facet normal 0.195089 -0.980786 0
    outer loop
      vertex -1.91342 4.6194 12
      vertex 0 5 15
      vertex -1.91342 4.6194 15
    endloop
  endfacet
  facet normal 0.195089 -0.980786 0
    outer loop
      vertex 0 5 15
      vertex -1.91342 4.6194 12
      vertex 0 5 12
    endloop
  endfacet
  facet normal -0.195089 -0.980786 0
    outer loop
      vertex 0 5 12
      vertex 1.91342 4.6194 15
      vertex 0 5 15
    endloop
  endfacet
  facet normal -0.195089 -0.980786 -0
    outer loop
      vertex 1.91342 4.6194 15
      vertex 0 5 12
      vertex 1.91342 4.6194 12
    endloop
  endfacet
  facet normal -0.555574 -0.831467 0
    outer loop
      vertex 1.91342 4.6194 12
      vertex 3.53553 3.53553 15
      vertex 1.91342 4.6194 15
    endloop
  endfacet
  facet normal -0.555574 -0.831467 -0
    outer loop
      vertex 3.53553 3.53553 15
      vertex 1.91342 4.6194 12
      vertex 3.53553 3.53553 12
    endloop
  endfacet
  facet normal 0.831467 0.555574 0
    outer loop
      vertex -3.53553 -3.53553 15
      vertex -4.6194 -1.91342 12
      vertex -4.6194 -1.91342 15
    endloop
  endfacet
  facet normal 0.831467 0.555574 0
    outer loop
      vertex -4.6194 -1.91342 12
      vertex -3.53553 -3.53553 15
      vertex -3.53553 -3.53553 12
    endloop
  endfacet
  facet normal 0.980786 0.195089 0
    outer loop
      vertex -4.6194 -1.91342 15
      vertex -5 0 12
      vertex -5 0 15
    endloop
  endfacet
  facet normal 0.980786 0.195089 0
    outer loop
      vertex -5 0 12
      vertex -4.6194 -1.91342 15
      vertex -4.6194 -1.91342 12
    endloop
  endfacet
  facet normal 0.555574 0.831467 -0
    outer loop
      vertex -1.91342 -4.6194 12
      vertex -3.53553 -3.53553 15
      vertex -1.91342 -4.6194 15
    endloop
  endfacet
  facet normal 0.555574 0.831467 0
    outer loop
      vertex -3.53553 -3.53553 15
      vertex -1.91342 -4.6194 12
      vertex -3.53553 -3.53553 12
    endloop
  endfacet
  facet normal 1 -0 0
    outer loop
      vertex 30 -15 5
      vertex 30 15 0
      vertex 30 15 5
    endloop
  endfacet
  facet normal 1 0 0
    outer loop
      vertex 30 15 0
      vertex 30 -15 5
      vertex 30 -15 0
    endloop
  endfacet
  facet normal -0 0 1
    outer loop
      vertex -30 15 5
      vertex 30 -15 5
      vertex 30 15 5
    endloop
  endfacet
  facet normal 0 0 1
    outer loop
      vertex 30 -15 5
      vertex -30 15 5
      vertex -30 -15 5
    endloop
  endfacet
  facet normal 0 0 -1
    outer loop
      vertex -30 -15 0
      vertex 30 15 0
      vertex 30 -15 0
    endloop
  endfacet
  facet normal -0 0 -1
    outer loop
      vertex 30 15 0
      vertex -30 -15 0
      vertex -30 15 0
    endloop
  endfacet
  facet normal -1 0 0
    outer loop
      vertex -30 -15 0
      vertex -30 15 5
      vertex -30 15 0
    endloop
  endfacet
  facet normal -1 -0 0
    outer loop
      vertex -30 15 5
      vertex -30 -15 0
      vertex -30 -15 5
    endloop
  endfacet
  facet normal 0 1 -0
    outer loop
      vertex 30 15 0
      vertex -30 15 5
      vertex 30 15 5
    endloop
  endfacet
  facet normal 0 1 0
    outer loop
      vertex -30 15 5
      vertex 30 15 0
      vertex -30 15 0
    endloop
  endfacet
  facet normal 0 -1 0
    outer loop
      vertex -30 -15 0
      vertex 30 -15 5
      vertex -30 -15 5
    endloop
  endfacet
  facet normal 0 -1 -0
    outer loop
      vertex 30 -15 5
      vertex -30 -15 0
      vertex 30 -15 0
    endloop
  endfacet
endsolid OpenSCAD_Model
